2 3
2.04 3.03979
2.07918 3.07836
2.11754 3.1157
2.15509 3.15182
2.19182 3.18672
2.22773 3.22039
2.26283 3.25283
2.29711 3.28405
2.33058 3.31405
2.36323 3.34282
2.39506 3.37037
2.42608 3.39669
2.45628 3.42179
2.48566 3.44567
2.51423 3.46832
2.54199 3.48975
2.56892 3.50995
2.59504 3.52893
2.62034 3.54668
2.64483 3.56321
2.6685 3.57851
2.69136 3.59259
2.7134 3.60545
2.73462 3.61708
2.75502 3.62749
2.77461 3.63667
2.79339 3.64463
2.81135 3.65136
2.82849 3.65687
2.84481 3.66116
2.86032 3.66422
2.87501 3.66605
2.88889 3.66667
2.90195 3.66605
2.91419 3.66422
2.92562 3.66116
2.93623 3.65687
2.94603 3.65136
2.955 3.64463
2.96317 3.63667
2.97051 3.62749
2.97704 3.61708
2.98276 3.60545
2.98765 3.59259
2.99174 3.57851
2.995 3.56321
2.99745 3.54668
2.99908 3.52893
2.9999 3.50995
2.9999 3.48975
2.99908 3.46832
2.99745 3.44567
2.995 3.42179
2.99174 3.39669
2.98765 3.37037
2.98276 3.34282
2.97704 3.31405
2.97051 3.28405
2.96317 3.25283
2.955 3.22039
2.94603 3.18672
2.93623 3.15182
2.92562 3.1157
2.91419 3.07836
2.90195 3.03979
2.88889 3
2.87501 2.95898
2.86032 2.91674
2.84481 2.87328
2.82849 2.82859
2.81135 2.78268
2.79339 2.73554
2.77461 2.68717
2.75502 2.63759
2.73462 2.58678
2.7134 2.53474
2.69136 2.48148
2.6685 2.427
2.64483 2.37129
2.62034 2.31436
2.59504 2.2562
2.56892 2.19682
2.54199 2.13621
2.51423 2.07438
2.48566 2.01133
2.45628 1.94705
2.42608 1.88154
2.39506 1.81481
2.36323 1.74686
2.33058 1.67769
2.29711 1.60728
2.26283 1.53566
2.22773 1.46281
2.19182 1.38874
2.15509 1.31344
2.11754 1.23691
2.07918 1.15917
2.04 1.0802
2 1
