0 0 -0.2668
0 0.150888 -0.326962
0 0.295858 -0.3832
0 0.434911 -0.435515
0 0.568047 -0.483908
0 0.695266 -0.528377
0 0.816568 -0.568923
0 0.931953 -0.605546
0 1.04142 -0.638246
0 1.14497 -0.667023
0 1.2426 -0.691877
0 1.33432 -0.712808
0 1.42012 -0.729815
0 1.5 -0.7429
0 1.57692 -0.753634
0 1.65385 -0.763591
0 1.73077 -0.77277
0 1.80769 -0.781172
0 1.88462 -0.788796
0 1.96154 -0.795643
0 2.03846 -0.801712
0 2.11538 -0.807004
0 2.19231 -0.811518
0 2.26923 -0.815255
0 2.34615 -0.818214
0 2.42308 -0.820396
0 2.5 -0.8218
0 2.57988 -0.821052
0 2.66568 -0.816778
0 2.7574 -0.808976
0 2.85503 -0.797649
0 2.95858 -0.782794
0 3.06805 -0.764413
0 3.18343 -0.742505
0 3.30473 -0.717071
0 3.43195 -0.68811
0 3.56509 -0.655622
0 3.70414 -0.619608
0 3.84911 -0.580067
0 0 0
0.135553 0 -0.198394
0.135553 0.150888 -0.253226
0.135553 0.295858 -0.304692
0.135553 0.434911 -0.352791
0.135553 0.568047 -0.397523
0.135553 0.695266 -0.438889
0.135553 0.816568 -0.476888
0.135553 0.931953 -0.51152
0.135553 1.04142 -0.542785
0.135553 1.14497 -0.570685
0.135553 1.2426 -0.595217
0.135553 1.33432 -0.616383
0.135553 1.42012 -0.634182
0.135553 1.5 -0.648614
0.135553 1.57692 -0.660859
0.135553 1.65385 -0.672097
0.135553 1.73077 -0.682326
0.135553 1.80769 -0.691547
0.135553 1.88462 -0.699761
0.135553 1.96154 -0.706966
0.135553 2.03846 -0.713164
0.135553 2.11538 -0.718354
0.135553 2.19231 -0.722536
0.135553 2.26923 -0.725709
0.135553 2.34615 -0.727875
0.135553 2.42308 -0.729033
0.135553 2.5 -0.729184
0.135553 2.57988 -0.727174
0.135553 2.66568 -0.721852
0.135553 2.7574 -0.713219
0.135553 2.85503 -0.701273
0.135553 2.95858 -0.686016
0.135553 3.06805 -0.667446
0.135553 3.18343 -0.645565
0.135553 3.30473 -0.620372
0.135553 3.43195 -0.591867
0.135553 3.56509 -0.56005
0.135553 3.70414 -0.524922
0.135553 3.84911 -0.486481
0 0 0
0.26635 0 -0.135743
0.26635 0.150888 -0.186099
0.26635 0.295858 -0.233559
0.26635 0.434911 -0.278123
0.26635 0.568047 -0.319789
0.26635 0.695266 -0.358559
0.26635 0.816568 -0.394432
0.26635 0.931953 -0.427408
0.26635 1.04142 -0.457487
0.26635 1.14497 -0.48467
0.26635 1.2426 -0.508956
0.26635 1.33432 -0.530345
0.26635 1.42012 -0.548837
0.26635 1.5 -0.564432
0.26635 1.57692 -0.577978
0.26635 1.65385 -0.59032
0.26635 1.73077 -0.601458
0.26635 1.80769 -0.611393
0.26635 1.88462 -0.620124
0.26635 1.96154 -0.627651
0.26635 2.03846 -0.633975
0.26635 2.11538 -0.639096
0.26635 2.19231 -0.643013
0.26635 2.26923 -0.645726
0.26635 2.34615 -0.647236
0.26635 2.42308 -0.647542
0.26635 2.5 -0.646645
0.26635 2.57988 -0.643583
0.26635 2.66568 -0.637397
0.26635 2.7574 -0.628086
0.26635 2.85503 -0.61565
0.26635 2.95858 -0.60009
0.26635 3.06805 -0.581404
0.26635 3.18343 -0.559594
0.26635 3.30473 -0.534659
0.26635 3.43195 -0.5066
0.26635 3.56509 -0.475415
0.26635 3.70414 -0.441106
0.26635 3.84911 -0.403672
0 0 0
0.39239 0 -0.0788452
0.39239 0.150888 -0.12558
0.39239 0.295858 -0.169802
0.39239 0.434911 -0.211511
0.39239 0.568047 -0.250706
0.39239 0.695266 -0.287387
0.39239 0.816568 -0.321555
0.39239 0.931953 -0.35321
0.39239 1.04142 -0.382351
0.39239 1.14497 -0.408979
0.39239 1.2426 -0.433093
0.39239 1.33432 -0.454694
0.39239 1.42012 -0.473781
0.39239 1.5 -0.490355
0.39239 1.57692 -0.50499
0.39239 1.65385 -0.51826
0.39239 1.73077 -0.530167
0.39239 1.80769 -0.540708
0.39239 1.88462 -0.549885
0.39239 1.96154 -0.557698
0.39239 2.03846 -0.564147
0.39239 2.11538 -0.56923
0.39239 2.19231 -0.57295
0.39239 2.26923 -0.575305
0.39239 2.34615 -0.576296
0.39239 2.42308 -0.575922
0.39239 2.5 -0.574183
0.39239 2.57988 -0.57028
0.39239 2.66568 -0.563412
0.39239 2.7574 -0.553578
0.39239 2.85503 -0.54078
0.39239 2.95858 -0.525016
0.39239 3.06805 -0.506286
0.39239 3.18343 -0.484592
0.39239 3.30473 -0.459932
0.39239 3.43195 -0.432307
0.39239 3.56509 -0.401717
0.39239 3.70414 -0.368162
0.39239 3.84911 -0.331641
0 0 0
0.513674 0 -0.0277018
0.513674 0.150888 -0.0716696
0.513674 0.295858 -0.113421
0.513674 0.434911 -0.152955
0.513674 0.568047 -0.190273
0.513674 0.695266 -0.225374
0.513674 0.816568 -0.258258
0.513674 0.931953 -0.288926
0.513674 1.04142 -0.317377
0.513674 1.14497 -0.343611
0.513674 1.2426 -0.367629
0.513674 1.33432 -0.38943
0.513674 1.42012 -0.409014
0.513674 1.5 -0.426382
0.513674 1.57692 -0.441896
0.513674 1.65385 -0.455919
0.513674 1.73077 -0.468452
0.513674 1.80769 -0.479494
0.513674 1.88462 -0.489046
0.513674 1.96154 -0.497107
0.513674 2.03846 -0.503678
0.513674 2.11538 -0.508758
0.513674 2.19231 -0.512347
0.513674 2.26923 -0.514446
0.513674 2.34615 -0.515054
0.513674 2.42308 -0.514172
0.513674 2.5 -0.5118
0.513674 2.57988 -0.507265
0.513674 2.66568 -0.499897
0.513674 2.7574 -0.489696
0.513674 2.85503 -0.476661
0.513674 2.95858 -0.460794
0.513674 3.06805 -0.442093
0.513674 3.18343 -0.420559
0.513674 3.30473 -0.396191
0.513674 3.43195 -0.36899
0.513674 3.56509 -0.338956
0.513674 3.70414 -0.306089
0.513674 3.84911 -0.270388
0 0 0
0.630202 0 0.0176875
0.630202 0.150888 -0.0243667
0.630202 0.295858 -0.0644145
0.630202 0.434911 -0.102456
0.630202 0.568047 -0.138491
0.630202 0.695266 -0.172519
0.630202 0.816568 -0.204541
0.630202 0.931953 -0.234556
0.630202 1.04142 -0.262565
0.630202 1.14497 -0.288568
0.630202 1.2426 -0.312563
0.630202 1.33432 -0.334553
0.630202 1.42012 -0.354536
0.630202 1.5 -0.372512
0.630202 1.57692 -0.388695
0.630202 1.65385 -0.403295
0.630202 1.73077 -0.416314
0.630202 1.80769 -0.42775
0.630202 1.88462 -0.437605
0.630202 1.96154 -0.445878
0.630202 2.03846 -0.452568
0.630202 2.11538 -0.457677
0.630202 2.19231 -0.461204
0.630202 2.26923 -0.463149
0.630202 2.34615 -0.463513
0.630202 2.42308 -0.462294
0.630202 2.5 -0.459493
0.630202 2.57988 -0.454537
0.630202 2.66568 -0.446852
0.630202 2.7574 -0.436438
0.630202 2.85503 -0.423296
0.630202 2.95858 -0.407424
0.630202 3.06805 -0.388823
0.630202 3.18343 -0.367494
0.630202 3.30473 -0.343436
0.630202 3.43195 -0.316648
0.630202 3.56509 -0.287132
0.630202 3.70414 -0.254887
0.630202 3.84911 -0.219913
0 0 0
0.741974 0 0.0573227
0.741974 0.150888 0.016328
0.741974 0.295858 -0.0227839
0.741974 0.434911 -0.0600129
0.741974 0.568047 -0.0953591
0.741974 0.695266 -0.128822
0.741974 0.816568 -0.160403
0.741974 0.931953 -0.190101
0.741974 1.04142 -0.217916
0.741974 1.14497 -0.243848
0.741974 1.2426 -0.267897
0.741974 1.33432 -0.290063
0.741974 1.42012 -0.310347
0.741974 1.5 -0.328747
0.741974 1.57692 -0.345387
0.741974 1.65385 -0.360389
0.741974 1.73077 -0.373752
0.741974 1.80769 -0.385476
0.741974 1.88462 -0.395562
0.741974 1.96154 -0.40401
0.741974 2.03846 -0.410819
0.741974 2.11538 -0.415989
0.741974 2.19231 -0.419521
0.741974 2.26923 -0.421415
0.741974 2.34615 -0.42167
0.741974 2.42308 -0.420286
0.741974 2.5 -0.417264
0.741974 2.57988 -0.412097
0.741974 2.66568 -0.404278
0.741974 2.7574 -0.393806
0.741974 2.85503 -0.380682
0.741974 2.95858 -0.364907
0.741974 3.06805 -0.346479
0.741974 3.18343 -0.325398
0.741974 3.30473 -0.301666
0.741974 3.43195 -0.275282
0.741974 3.56509 -0.246245
0.741974 3.70414 -0.214557
0.741974 3.84911 -0.180216
0 0 0
0.848989 0 0.0912038
0.848989 0.150888 0.0504147
0.848989 0.295858 0.0114713
0.848989 0.434911 -0.0256263
0.848989 0.568047 -0.0608782
0.848989 0.695266 -0.0942843
0.848989 0.816568 -0.125845
0.848989 0.931953 -0.155559
0.848989 1.04142 -0.183428
0.848989 1.14497 -0.209451
0.848989 1.2426 -0.233629
0.848989 1.33432 -0.25596
0.848989 1.42012 -0.276446
0.848989 1.5 -0.295086
0.848989 1.57692 -0.311974
0.848989 1.65385 -0.3272
0.848989 1.73077 -0.340767
0.848989 1.80769 -0.352673
0.848989 1.88462 -0.362919
0.848989 1.96154 -0.371504
0.848989 2.03846 -0.378429
0.848989 2.11538 -0.383694
0.848989 2.19231 -0.387299
0.848989 2.26923 -0.389243
0.848989 2.34615 -0.389527
0.848989 2.42308 -0.38815
0.848989 2.5 -0.385113
0.848989 2.57988 -0.379945
0.848989 2.66568 -0.372173
0.848989 2.7574 -0.361799
0.848989 2.85503 -0.348822
0.848989 2.95858 -0.333241
0.848989 3.06805 -0.315058
0.848989 3.18343 -0.294272
0.848989 3.30473 -0.270883
0.848989 3.43195 -0.244891
0.848989 3.56509 -0.216295
0.848989 3.70414 -0.185097
0.848989 3.84911 -0.151296
0 0 0
0.951249 0 0.119331
0.951249 0.150888 0.0778933
0.951249 0.295858 0.038351
0.951249 0.434911 0.000703949
0.951249 0.568047 -0.0350479
0.951249 0.695266 -0.0689045
0.951249 0.816568 -0.100866
0.951249 0.931953 -0.130932
0.951249 1.04142 -0.159103
0.951249 1.14497 -0.185379
0.951249 1.2426 -0.209759
0.951249 1.33432 -0.232245
0.951249 1.42012 -0.252835
0.951249 1.5 -0.27153
0.951249 1.57692 -0.288453
0.951249 1.65385 -0.303729
0.951249 1.73077 -0.317358
0.951249 1.80769 -0.32934
0.951249 1.88462 -0.339674
0.951249 1.96154 -0.34836
0.951249 2.03846 -0.3554
0.951249 2.11538 -0.360791
0.951249 2.19231 -0.364536
0.951249 2.26923 -0.366633
0.951249 2.34615 -0.367082
0.951249 2.42308 -0.365885
0.951249 2.5 -0.363039
0.951249 2.57988 -0.35808
0.951249 2.66568 -0.350539
0.951249 2.7574 -0.340417
0.951249 2.85503 -0.327713
0.951249 2.95858 -0.312428
0.951249 3.06805 -0.294562
0.951249 3.18343 -0.274114
0.951249 3.30473 -0.251085
0.951249 3.43195 -0.225474
0.951249 3.56509 -0.197283
0.951249 3.70414 -0.166509
0.951249 3.84911 -0.133155
0 0 0
1.04875 0 0.141704
1.04875 0.150888 0.0987638
1.04875 0.295858 0.0578552
1.04875 0.434911 0.0189779
1.04875 0.568047 -0.0178682
1.04875 0.695266 -0.0526831
1.04875 0.816568 -0.0854667
1.04875 0.931953 -0.116219
1.04875 1.04142 -0.14494
1.04875 1.14497 -0.17163
1.04875 1.2426 -0.196289
1.04875 1.33432 -0.218916
1.04875 1.42012 -0.239512
1.04875 1.5 -0.258077
1.04875 1.57692 -0.274827
1.04875 1.65385 -0.289976
1.04875 1.73077 -0.303526
1.04875 1.80769 -0.315477
1.04875 1.88462 -0.325827
1.04875 1.96154 -0.334578
1.04875 2.03846 -0.341729
1.04875 2.11538 -0.347281
1.04875 2.19231 -0.351233
1.04875 2.26923 -0.353585
1.04875 2.34615 -0.354337
1.04875 2.42308 -0.35349
1.04875 2.5 -0.351043
1.04875 2.57988 -0.346503
1.04875 2.66568 -0.339375
1.04875 2.7574 -0.32966
1.04875 2.85503 -0.317357
1.04875 2.95858 -0.302467
1.04875 3.06805 -0.28499
1.04875 3.18343 -0.264925
1.04875 3.30473 -0.242273
1.04875 3.43195 -0.217034
1.04875 3.56509 -0.189207
1.04875 3.70414 -0.158792
1.04875 3.84911 -0.125791
0 0 0
1.1415 0 0.158322
1.1415 0.150888 0.113026
1.1415 0.295858 0.069984
1.1415 0.434911 0.0291955
1.1415 0.568047 -0.00933921
1.1415 0.695266 -0.04562
1.1415 0.816568 -0.0796471
1.1415 0.931953 -0.11142
1.1415 1.04142 -0.14094
1.1415 1.14497 -0.168205
1.1415 1.2426 -0.193217
1.1415 1.33432 -0.215975
1.1415 1.42012 -0.236479
1.1415 1.5 -0.254729
1.1415 1.57692 -0.271093
1.1415 1.65385 -0.285941
1.1415 1.73077 -0.299271
1.1415 1.80769 -0.311084
1.1415 1.88462 -0.32138
1.1415 1.96154 -0.330158
1.1415 2.03846 -0.337419
1.1415 2.11538 -0.343163
1.1415 2.19231 -0.34739
1.1415 2.26923 -0.3501
1.1415 2.34615 -0.351292
1.1415 2.42308 -0.350967
1.1415 2.5 -0.349125
1.1415 2.57988 -0.345213
1.1415 2.66568 -0.338681
1.1415 2.7574 -0.329528
1.1415 2.85503 -0.317754
1.1415 2.95858 -0.303358
1.1415 3.06805 -0.286342
1.1415 3.18343 -0.266705
1.1415 3.30473 -0.244447
1.1415 3.43195 -0.219568
1.1415 3.56509 -0.192068
1.1415 3.70414 -0.161947
1.1415 3.84911 -0.129205
0 0 0
1.22949 0 0.169187
1.22949 0.150888 0.120681
1.22949 0.295858 0.0747372
1.22949 0.434911 0.0313567
1.22949 0.568047 -0.0094608
1.22949 0.695266 -0.0477153
1.22949 0.816568 -0.0834069
1.22949 0.931953 -0.116536
1.22949 1.04142 -0.147101
1.22949 1.14497 -0.175104
1.22949 1.2426 -0.200543
1.22949 1.33432 -0.22342
1.22949 1.42012 -0.243734
1.22949 1.5 -0.261485
1.22949 1.57692 -0.277254
1.22949 1.65385 -0.291623
1.22949 1.73077 -0.304592
1.22949 1.80769 -0.316161
1.22949 1.88462 -0.326331
1.22949 1.96154 -0.3351
1.22949 2.03846 -0.342469
1.22949 2.11538 -0.348438
1.22949 2.19231 -0.353007
1.22949 2.26923 -0.356176
1.22949 2.34615 -0.357945
1.22949 2.42308 -0.358314
1.22949 2.5 -0.357283
1.22949 2.57988 -0.354211
1.22949 2.66568 -0.348457
1.22949 2.7574 -0.340021
1.22949 2.85503 -0.328902
1.22949 2.95858 -0.315102
1.22949 3.06805 -0.298619
1.22949 3.18343 -0.279454
1.22949 3.30473 -0.257607
1.22949 3.43195 -0.233077
1.22949 3.56509 -0.205866
1.22949 3.70414 -0.175972
1.22949 3.84911 -0.143397
0 0 0
1.31272 0 0.174298
1.31272 0.150888 0.121727
1.31272 0.295858 0.072115
1.31272 0.434911 0.0254616
1.31272 0.568047 -0.018233
1.31272 0.695266 -0.058969
1.31272 0.816568 -0.0967463
1.31272 0.931953 -0.131565
1.31272 1.04142 -0.163425
1.31272 1.14497 -0.192326
1.31272 1.2426 -0.218269
1.31272 1.33432 -0.241253
1.31272 1.42012 -0.261278
1.31272 1.5 -0.278344
1.31272 1.57692 -0.293308
1.31272 1.65385 -0.307023
1.31272 1.73077 -0.31949
1.31272 1.80769 -0.330709
1.31272 1.88462 -0.34068
1.31272 1.96154 -0.349403
1.31272 2.03846 -0.356878
1.31272 2.11538 -0.363105
1.31272 2.19231 -0.368084
1.31272 2.26923 -0.371815
1.31272 2.34615 -0.374298
1.31272 2.42308 -0.375533
1.31272 2.5 -0.37552
1.31272 2.57988 -0.373497
1.31272 2.66568 -0.368704
1.31272 2.7574 -0.361139
1.31272 2.85503 -0.350804
1.31272 2.95858 -0.337697
1.31272 3.06805 -0.32182
1.31272 3.18343 -0.303172
1.31272 3.30473 -0.281752
1.31272 3.43195 -0.257562
1.31272 3.56509 -0.230601
1.31272 3.70414 -0.200869
1.31272 3.84911 -0.168366
0 0 0
1.3912 0 0.173654
1.3912 0.150888 0.116165
1.3912 0.295858 0.0621173
1.3912 0.434911 0.0115102
1.3912 0.568047 -0.0356559
1.3912 0.695266 -0.079381
1.3912 0.816568 -0.119665
1.3912 0.931953 -0.156509
1.3912 1.04142 -0.189911
1.3912 1.14497 -0.219872
1.3912 1.2426 -0.246393
1.3912 1.33432 -0.269472
1.3912 1.42012 -0.289111
1.3912 1.5 -0.305309
1.3912 1.57692 -0.319255
1.3912 1.65385 -0.33214
1.3912 1.73077 -0.343964
1.3912 1.80769 -0.354727
1.3912 1.88462 -0.364428
1.3912 1.96154 -0.373069
1.3912 2.03846 -0.380647
1.3912 2.11538 -0.387165
1.3912 2.19231 -0.392621
1.3912 2.26923 -0.397016
1.3912 2.34615 -0.40035
1.3912 2.42308 -0.402623
1.3912 2.5 -0.403834
1.3912 2.57988 -0.403071
1.3912 2.66568 -0.39942
1.3912 2.7574 -0.392882
1.3912 2.85503 -0.383457
1.3912 2.95858 -0.371145
1.3912 3.06805 -0.355945
1.3912 3.18343 -0.337858
1.3912 3.30473 -0.316884
1.3912 3.43195 -0.293022
1.3912 3.56509 -0.266273
1.3912 3.70414 -0.236637
1.3912 3.84911 -0.204114
0 0 0
1.46492 0 0.167257
1.46492 0.150888 0.103995
1.46492 0.295858 0.0447441
1.46492 0.434911 -0.0104975
1.46492 0.568047 -0.0617293
1.46492 0.695266 -0.108951
1.46492 0.816568 -0.152164
1.46492 0.931953 -0.191366
1.46492 1.04142 -0.226559
1.46492 1.14497 -0.257742
1.46492 1.2426 -0.284915
1.46492 1.33432 -0.308079
1.46492 1.42012 -0.327233
1.46492 1.5 -0.342377
1.46492 1.57692 -0.355096
1.46492 1.65385 -0.366976
1.46492 1.73077 -0.378015
1.46492 1.80769 -0.388215
1.46492 1.88462 -0.397575
1.46492 1.96154 -0.406096
1.46492 2.03846 -0.413776
1.46492 2.11538 -0.420617
1.46492 2.19231 -0.426618
1.46492 2.26923 -0.43178
1.46492 2.34615 -0.436101
1.46492 2.42308 -0.439583
1.46492 2.5 -0.442225
1.46492 2.57988 -0.442932
1.46492 2.66568 -0.440607
1.46492 2.7574 -0.435251
1.46492 2.85503 -0.426864
1.46492 2.95858 -0.415445
1.46492 3.06805 -0.400995
1.46492 3.18343 -0.383514
1.46492 3.30473 -0.363001
1.46492 3.43195 -0.339458
1.46492 3.56509 -0.312883
1.46492 3.70414 -0.283276
1.46492 3.84911 -0.250639
0 0 0
1.53508 0 0.154879
1.53508 0.150888 0.0855261
1.53508 0.295858 0.0207905
1.53508 0.434911 -0.0393272
1.53508 0.568047 -0.0948271
1.53508 0.695266 -0.145709
1.53508 0.816568 -0.191973
1.53508 0.931953 -0.23362
1.53508 1.04142 -0.270648
1.53508 1.14497 -0.303059
1.53508 1.2426 -0.330852
1.53508 1.33432 -0.354027
1.53508 1.42012 -0.372585
1.53508 1.5 -0.386524
1.53508 1.57692 -0.397859
1.53508 1.65385 -0.408604
1.53508 1.73077 -0.418758
1.53508 1.80769 -0.428321
1.53508 1.88462 -0.437293
1.53508 1.96154 -0.445675
1.53508 2.03846 -0.453466
1.53508 2.11538 -0.460666
1.53508 2.19231 -0.467275
1.53508 2.26923 -0.473294
1.53508 2.34615 -0.478722
1.53508 2.42308 -0.483559
1.53508 2.5 -0.487806
1.53508 2.57988 -0.490164
1.53508 2.66568 -0.489339
1.53508 2.7574 -0.485328
1.53508 2.85503 -0.478133
1.53508 2.95858 -0.467754
1.53508 3.06805 -0.45419
1.53508 3.18343 -0.437441
1.53508 3.30473 -0.417508
1.53508 3.43195 -0.39439
1.53508 3.56509 -0.368087
1.53508 3.70414 -0.3386
1.53508 3.84911 -0.305928
0 0 0
1.6088 0 0.13517
1.6088 0.150888 0.0626079
1.6088 0.295858 -0.00497294
1.6088 0.434911 -0.0675726
1.6088 0.568047 -0.125191
1.6088 0.695266 -0.177828
1.6088 0.816568 -0.225484
1.6088 0.931953 -0.268159
1.6088 1.04142 -0.305852
1.6088 1.14497 -0.338564
1.6088 1.2426 -0.366295
1.6088 1.33432 -0.389045
1.6088 1.42012 -0.406813
1.6088 1.5 -0.4196
1.6088 1.57692 -0.429718
1.6088 1.65385 -0.439478
1.6088 1.73077 -0.448881
1.6088 1.80769 -0.457926
1.6088 1.88462 -0.466613
1.6088 1.96154 -0.474943
1.6088 2.03846 -0.482916
1.6088 2.11538 -0.490531
1.6088 2.19231 -0.497789
1.6088 2.26923 -0.504689
1.6088 2.34615 -0.511231
1.6088 2.42308 -0.517416
1.6088 2.5 -0.523243
1.6088 2.57988 -0.527273
1.6088 2.66568 -0.528065
1.6088 2.7574 -0.525619
1.6088 2.85503 -0.519935
1.6088 2.95858 -0.511013
1.6088 3.06805 -0.498853
1.6088 3.18343 -0.483456
1.6088 3.30473 -0.46482
1.6088 3.43195 -0.442947
1.6088 3.56509 -0.417835
1.6088 3.70414 -0.389486
1.6088 3.84911 -0.357899
0 0 0
1.68728 0 0.107903
1.68728 0.150888 0.0355495
1.68728 0.295858 -0.0317512
1.68728 0.434911 -0.0939992
1.68728 0.568047 -0.151195
1.68728 0.695266 -0.203337
1.68728 0.816568 -0.250427
1.68728 0.931953 -0.292464
1.68728 1.04142 -0.329448
1.68728 1.14497 -0.36138
1.68728 1.2426 -0.388259
1.68728 1.33432 -0.410085
1.68728 1.42012 -0.426859
1.68728 1.5 -0.438579
1.68728 1.57692 -0.4477
1.68728 1.65385 -0.456673
1.68728 1.73077 -0.465499
1.68728 1.80769 -0.474178
1.68728 1.88462 -0.482709
1.68728 1.96154 -0.491092
1.68728 2.03846 -0.499328
1.68728 2.11538 -0.507417
1.68728 2.19231 -0.515359
1.68728 2.26923 -0.523153
1.68728 2.34615 -0.530799
1.68728 2.42308 -0.538298
1.68728 2.5 -0.54565
1.68728 2.57988 -0.551342
1.68728 2.66568 -0.55386
1.68728 2.7574 -0.553206
1.68728 2.85503 -0.549379
1.68728 2.95858 -0.542379
1.68728 3.06805 -0.532206
1.68728 3.18343 -0.51886
1.68728 3.30473 -0.502341
1.68728 3.43195 -0.48265
1.68728 3.56509 -0.459785
1.68728 3.70414 -0.433748
1.68728 3.84911 -0.404537
0 0 0
1.77051 0 0.0730782
1.77051 0.150888 0.00435082
1.77051 0.295858 -0.0595443
1.77051 0.434911 -0.118607
1.77051 0.568047 -0.172838
1.77051 0.695266 -0.222236
1.77051 0.816568 -0.266802
1.77051 0.931953 -0.306536
1.77051 1.04142 -0.341438
1.77051 1.14497 -0.371507
1.77051 1.2426 -0.396744
1.77051 1.33432 -0.417149
1.77051 1.42012 -0.432722
1.77051 1.5 -0.443462
1.77051 1.57692 -0.451806
1.77051 1.65385 -0.46019
1.77051 1.73077 -0.468613
1.77051 1.80769 -0.477076
1.77051 1.88462 -0.485578
1.77051 1.96154 -0.494121
1.77051 2.03846 -0.502702
1.77051 2.11538 -0.511324
1.77051 2.19231 -0.519985
1.77051 2.26923 -0.528686
1.77051 2.34615 -0.537426
1.77051 2.42308 -0.546206
1.77051 2.5 -0.555026
1.77051 2.57988 -0.56237
1.77051 2.66568 -0.566725
1.77051 2.7574 -0.56809
1.77051 2.85503 -0.566466
1.77051 2.95858 -0.561852
1.77051 3.06805 -0.554248
1.77051 3.18343 -0.543655
1.77051 3.30473 -0.530072
1.77051 3.43195 -0.513499
1.77051 3.56509 -0.493937
1.77051 3.70414 -0.471385
1.77051 3.84911 -0.445844
0 0 0
1.8585 0 0.0306958
1.8585 0.150888 -0.0309881
1.8585 0.295858 -0.0883523
1.8585 0.434911 -0.141397
1.8585 0.568047 -0.190121
1.8585 0.695266 -0.234526
1.8585 0.816568 -0.27461
1.8585 0.931953 -0.310375
1.8585 1.04142 -0.34182
1.8585 1.14497 -0.368946
1.8585 1.2426 -0.391751
1.8585 1.33432 -0.410237
1.8585 1.42012 -0.424402
1.8585 1.5 -0.434248
1.8585 1.57692 -0.442036
1.8585 1.65385 -0.450027
1.8585 1.73077 -0.458222
1.8585 1.80769 -0.466621
1.8585 1.88462 -0.475223
1.8585 1.96154 -0.484029
1.8585 2.03846 -0.493038
1.8585 2.11538 -0.502251
1.8585 2.19231 -0.511668
1.8585 2.26923 -0.521288
1.8585 2.34615 -0.531112
1.8585 2.42308 -0.541139
1.8585 2.5 -0.55137
1.8585 2.57988 -0.560359
1.8585 2.66568 -0.566659
1.8585 2.7574 -0.570272
1.8585 2.85503 -0.571196
1.8585 2.95858 -0.569432
1.8585 3.06805 -0.56498
1.8585 3.18343 -0.55784
1.8585 3.30473 -0.548012
1.8585 3.43195 -0.535495
1.8585 3.56509 -0.520291
1.8585 3.70414 -0.502398
1.8585 3.84911 -0.481817
0 0 0
1.95125 0 -0.0192442
1.95125 0.150888 -0.0704673
1.95125 0.295858 -0.118175
1.95125 0.434911 -0.162367
1.95125 0.568047 -0.203044
1.95125 0.695266 -0.240205
1.95125 0.816568 -0.273851
1.95125 0.931953 -0.303981
1.95125 1.04142 -0.330596
1.95125 1.14497 -0.353695
1.95125 1.2426 -0.373279
1.95125 1.33432 -0.389348
1.95125 1.42012 -0.4019
1.95125 1.5 -0.410938
1.95125 1.57692 -0.41839
1.95125 1.65385 -0.426186
1.95125 1.73077 -0.434327
1.95125 1.80769 -0.442813
1.95125 1.88462 -0.451643
1.95125 1.96154 -0.460817
1.95125 2.03846 -0.470336
1.95125 2.11538 -0.480199
1.95125 2.19231 -0.490407
1.95125 2.26923 -0.500959
1.95125 2.34615 -0.511856
1.95125 2.42308 -0.523097
1.95125 2.5 -0.534683
1.95125 2.57988 -0.545307
1.95125 2.66568 -0.553662
1.95125 2.7574 -0.55975
1.95125 2.85503 -0.563568
1.95125 2.95858 -0.565119
1.95125 3.06805 -0.564401
1.95125 3.18343 -0.561415
1.95125 3.30473 -0.55616
1.95125 3.43195 -0.548637
1.95125 3.56509 -0.538846
1.95125 3.70414 -0.526787
1.95125 3.84911 -0.512459
0 0 0
2.04875 0 -0.076742
2.04875 0.150888 -0.114087
2.04875 0.295858 -0.149013
2.04875 0.434911 -0.181519
2.04875 0.568047 -0.211606
2.04875 0.695266 -0.239275
2.04875 0.816568 -0.264524
2.04875 0.931953 -0.287354
2.04875 1.04142 -0.307764
2.04875 1.14497 -0.325756
2.04875 1.2426 -0.341329
2.04875 1.33432 -0.354482
2.04875 1.42012 -0.365216
2.04875 1.5 -0.373531
2.04875 1.57692 -0.380868
2.04875 1.65385 -0.388666
2.04875 1.73077 -0.396928
2.04875 1.80769 -0.405651
2.04875 1.88462 -0.414837
2.04875 1.96154 -0.424485
2.04875 2.03846 -0.434595
2.04875 2.11538 -0.445168
2.04875 2.19231 -0.456203
2.04875 2.26923 -0.4677
2.04875 2.34615 -0.479659
2.04875 2.42308 -0.492081
2.04875 2.5 -0.504965
2.04875 2.57988 -0.517215
2.04875 2.66568 -0.527735
2.04875 2.7574 -0.536525
2.04875 2.85503 -0.543584
2.04875 2.95858 -0.548913
2.04875 3.06805 -0.552511
2.04875 3.18343 -0.55438
2.04875 3.30473 -0.554518
2.04875 3.43195 -0.552926
2.04875 3.56509 -0.549604
2.04875 3.70414 -0.544551
2.04875 3.84911 -0.537768
0 0 0
2.15101 0 -0.141797
2.15101 0.150888 -0.161847
2.15101 0.295858 -0.180865
2.15101 0.434911 -0.198852
2.15101 0.568047 -0.215809
2.15101 0.695266 -0.231734
2.15101 0.816568 -0.246629
2.15101 0.931953 -0.260493
2.15101 1.04142 -0.273326
2.15101 1.14497 -0.285128
2.15101 1.2426 -0.295899
2.15101 1.33432 -0.30564
2.15101 1.42012 -0.314349
2.15101 1.5 -0.322028
2.15101 1.57692 -0.329469
2.15101 1.65385 -0.337468
2.15101 1.73077 -0.346023
2.15101 1.80769 -0.355136
2.15101 1.88462 -0.364806
2.15101 1.96154 -0.375032
2.15101 2.03846 -0.385816
2.15101 2.11538 -0.397157
2.15101 2.19231 -0.409055
2.15101 2.26923 -0.42151
2.15101 2.34615 -0.434521
2.15101 2.42308 -0.44809
2.15101 2.5 -0.462216
2.15101 2.57988 -0.476083
2.15101 2.66568 -0.488877
2.15101 2.7574 -0.500596
2.15101 2.85503 -0.511242
2.15101 2.95858 -0.520814
2.15101 3.06805 -0.529311
2.15101 3.18343 -0.536735
2.15101 3.30473 -0.543085
2.15101 3.43195 -0.548361
2.15101 3.56509 -0.552563
2.15101 3.70414 -0.555691
2.15101 3.84911 -0.557745
0 0 0
2.25803 0 -0.21441
2.25803 0.150888 -0.213747
2.25803 0.295858 -0.213732
2.25803 0.434911 -0.214367
2.25803 0.568047 -0.215651
2.25803 0.695266 -0.217584
2.25803 0.816568 -0.220167
2.25803 0.931953 -0.223399
2.25803 1.04142 -0.227281
2.25803 1.14497 -0.231811
2.25803 1.2426 -0.236991
2.25803 1.33432 -0.242821
2.25803 1.42012 -0.2493
2.25803 1.5 -0.256428
2.25803 1.57692 -0.264195
2.25803 1.65385 -0.27259
2.25803 1.73077 -0.281615
2.25803 1.80769 -0.291268
2.25803 1.88462 -0.30155
2.25803 1.96154 -0.31246
2.25803 2.03846 -0.323999
2.25803 2.11538 -0.336167
2.25803 2.19231 -0.348963
2.25803 2.26923 -0.362388
2.25803 2.34615 -0.376442
2.25803 2.42308 -0.391125
2.25803 2.5 -0.406436
2.25803 2.57988 -0.421912
2.25803 2.66568 -0.437088
2.25803 2.7574 -0.451965
2.25803 2.85503 -0.466543
2.25803 2.95858 -0.480821
2.25803 3.06805 -0.494801
2.25803 3.18343 -0.50848
2.25803 3.30473 -0.521861
2.25803 3.43195 -0.534942
2.25803 3.56509 -0.547724
2.25803 3.70414 -0.560206
2.25803 3.84911 -0.572389
0 0 0
2.3698 0 -0.294581
2.3698 0.150888 -0.269787
2.3698 0.295858 -0.247614
2.3698 0.434911 -0.228063
2.3698 0.568047 -0.211133
2.3698 0.695266 -0.196824
2.3698 0.816568 -0.185138
2.3698 0.931953 -0.176072
2.3698 1.04142 -0.169628
2.3698 1.14497 -0.165806
2.3698 1.2426 -0.164605
2.3698 1.33432 -0.166025
2.3698 1.42012 -0.170067
2.3698 1.5 -0.176731
2.3698 1.57692 -0.185044
2.3698 1.65385 -0.194034
2.3698 1.73077 -0.203702
2.3698 1.80769 -0.214046
2.3698 1.88462 -0.225068
2.3698 1.96154 -0.236767
2.3698 2.03846 -0.249144
2.3698 2.11538 -0.262197
2.3698 2.19231 -0.275928
2.3698 2.26923 -0.290336
2.3698 2.34615 -0.305422
2.3698 2.42308 -0.321184
2.3698 2.5 -0.337624
2.3698 2.57988 -0.3547
2.3698 2.66568 -0.372369
2.3698 2.7574 -0.390631
2.3698 2.85503 -0.409487
2.3698 2.95858 -0.428936
2.3698 3.06805 -0.448979
2.3698 3.18343 -0.469616
2.3698 3.30473 -0.490846
2.3698 3.43195 -0.512669
2.3698 3.56509 -0.535087
2.3698 3.70414 -0.558097
2.3698 3.84911 -0.581701
0 0 0
2.48633 0 -0.38231
2.48633 0.150888 -0.329967
2.48633 0.295858 -0.282511
2.48633 0.434911 -0.23994
2.48633 0.568047 -0.202254
2.48633 0.695266 -0.169455
2.48633 0.816568 -0.14154
2.48633 0.931953 -0.118512
2.48633 1.04142 -0.100369
2.48633 1.14497 -0.0871115
2.48633 1.2426 -0.0787397
2.48633 1.33432 -0.0752535
2.48633 1.42012 -0.0766529
2.48633 1.5 -0.0829379
2.48633 1.57692 -0.0920171
2.48633 1.65385 -0.101799
2.48633 1.73077 -0.112284
2.48633 1.80769 -0.123471
2.48633 1.88462 -0.135361
2.48633 1.96154 -0.147954
2.48633 2.03846 -0.16125
2.48633 2.11538 -0.175248
2.48633 2.19231 -0.18995
2.48633 2.26923 -0.205354
2.48633 2.34615 -0.22146
2.48633 2.42308 -0.23827
2.48633 2.5 -0.255782
2.48633 2.57988 -0.274448
2.48633 2.66568 -0.294718
2.48633 2.7574 -0.316594
2.48633 2.85503 -0.340073
2.48633 2.95858 -0.365158
2.48633 3.06805 -0.391847
2.48633 3.18343 -0.420141
2.48633 3.30473 -0.45004
2.48633 3.43195 -0.481543
2.48633 3.56509 -0.514651
2.48633 3.70414 -0.549364
2.48633 3.84911 -0.585681
0 0 0
2.60761 0 -0.477596
2.60761 0.150888 -0.394288
2.60761 0.295858 -0.318422
2.60761 0.434911 -0.249998
2.60761 0.568047 -0.189016
2.60761 0.695266 -0.135475
2.60761 0.816568 -0.0893758
2.60761 0.931953 -0.0507183
2.60761 1.04142 -0.0195025
2.60761 1.14497 0.00427166
2.60761 1.2426 0.0206042
2.60761 1.33432 0.029495
2.60761 1.42012 0.0309442
2.60761 1.5 0.0249517
2.60761 1.57692 0.0148858
2.60761 1.65385 0.00411477
2.60761 1.73077 -0.00736146
2.60761 1.80769 -0.0195429
2.60761 1.88462 -0.0324294
2.60761 1.96154 -0.0460212
2.60761 2.03846 -0.0603181
2.60761 2.11538 -0.0753202
2.60761 2.19231 -0.0910274
2.60761 2.26923 -0.10744
2.60761 2.34615 -0.124557
2.60761 2.42308 -0.14238
2.60761 2.5 -0.160908
2.60761 2.57988 -0.181156
2.60761 2.66568 -0.204137
2.60761 2.7574 -0.229853
2.60761 2.85503 -0.258303
2.60761 2.95858 -0.289487
2.60761 3.06805 -0.323405
2.60761 3.18343 -0.360057
2.60761 3.30473 -0.399443
2.60761 3.43195 -0.441563
2.60761 3.56509 -0.486418
2.60761 3.70414 -0.534006
2.60761 3.84911 -0.584329
0 0 0
2.73365 0 -0.580439
2.73365 0.150888 -0.462749
2.73365 0.295858 -0.355349
2.73365 0.434911 -0.258238
2.73365 0.568047 -0.171417
2.73365 0.695266 -0.0948855
2.73365 0.816568 -0.0286437
2.73365 0.931953 0.0273084
2.73365 1.04142 0.0729708
2.73365 1.14497 0.108344
2.73365 1.2426 0.133427
2.73365 1.33432 0.14822
2.73365 1.42012 0.152724
2.73365 1.5 0.146938
2.73365 1.57692 0.135665
2.73365 1.65385 0.123707
2.73365 1.73077 0.111065
2.73365 1.80769 0.0977388
2.73365 1.88462 0.0837277
2.73365 1.96154 0.0690322
2.73365 2.03846 0.0536521
2.73365 2.11538 0.0375875
2.73365 2.19231 0.0208384
2.73365 2.26923 0.00340473
2.73365 2.34615 -0.0147134
2.73365 2.42308 -0.0335161
2.73365 2.5 -0.0530032
2.73365 2.57988 -0.0748235
2.73365 2.66568 -0.100626
2.73365 2.7574 -0.130409
2.73365 2.85503 -0.164175
2.73365 2.95858 -0.201922
2.73365 3.06805 -0.243652
2.73365 3.18343 -0.289363
2.73365 3.30473 -0.339055
2.73365 3.43195 -0.39273
2.73365 3.56509 -0.450386
2.73365 3.70414 -0.512024
2.73365 3.84911 -0.577644
0 0 0
2.86445 0 -0.690841
2.86445 0.150888 -0.535351
2.86445 0.295858 -0.39329
2.86445 0.434911 -0.264659
2.86445 0.568047 -0.149458
2.86445 0.695266 -0.0476861
2.86445 0.816568 0.0406559
2.86445 0.931953 0.115568
2.86445 1.04142 0.177051
2.86445 1.14497 0.225104
2.86445 1.2426 0.259728
2.86445 1.33432 0.280922
2.86445 1.42012 0.288686
2.86445 1.5 0.283021
2.86445 1.57692 0.27032
2.86445 1.65385 0.256979
2.86445 1.73077 0.242997
2.86445 1.80769 0.228374
2.86445 1.88462 0.21311
2.86445 1.96154 0.197206
2.86445 2.03846 0.18066
2.86445 2.11538 0.163474
2.86445 2.19231 0.145648
2.86445 2.26923 0.12718
2.86445 2.34615 0.108072
2.86445 2.42308 0.0883227
2.86445 2.5 0.0679328
2.86445 2.57988 0.0445487
2.86445 2.66568 0.0158168
2.86445 2.7574 -0.0182628
2.86445 2.85503 -0.0576901
2.86445 2.95858 -0.102465
2.86445 3.06805 -0.152588
2.86445 3.18343 -0.208058
2.86445 3.30473 -0.268877
2.86445 3.43195 -0.335043
2.86445 3.56509 -0.406556
2.86445 3.70414 -0.483418
2.86445 3.84911 -0.565627
0 0 0
0 0 0
0 0 0
0 0 0
0 0 0
0 0 0
0 0 0
0 0 0
0 0 0
0 0 0
0 0 0
0 0 0
0 0 0
0 0 0
0 0 0
0 0 0
0 0 0
0 0 0
0 0 0
0 0 0
0 0 0
0 0 0
0 0 0
0 0 0
0 0 0
0 0 0
0 0 0
0 0 0
0 0 0
0 0 0
0 0 0
0 0 0
0 0 0
0 0 0
0 0 0
0 0 0
0 0 0
0 0 0
0 0 0
0 0 0
0 0 0
