2 3
2.31389 3.30994
2.55274 3.53885
2.74118 3.71331
2.89413 3.84941
3.02116 3.95747
3.12868 4.04441
3.22115 4.11502
3.30175 4.17277
3.37286 4.22019
3.43623 4.25918
3.49322 4.29122
3.54489 4.31744
3.59208 4.33875
3.63546 4.35586
3.67556 4.36936
3.71285 4.37974
3.74767 4.38739
3.78035 4.39263
3.81113 4.39576
3.84024 4.397
3.86787 4.39656
3.89417 4.39461
3.91928 4.39129
3.94332 4.38674
3.9664 4.38106
3.9886 4.37436
4.01001 4.36672
4.0307 4.35822
4.05072 4.34893
4.07014 4.3389
4.089 4.32819
4.10735 4.31684
4.12523 4.3049
4.14267 4.29241
4.1597 4.2794
4.17635 4.2659
4.19266 4.25194
4.20864 4.23754
4.22431 4.22274
4.23969 4.20755
4.25481 4.19198
4.26967 4.17606
4.28429 4.1598
4.29868 4.14322
4.31286 4.12633
4.32683 4.10914
4.34062 4.09167
4.35421 4.07391
4.36763 4.05589
4.38087 4.03761
4.39395 4.01908
4.40687 4.0003
4.41963 3.98128
4.43224 3.96203
4.4447 3.94256
4.45702 3.92285
4.46918 3.90293
4.48121 3.88279
4.49309 3.86243
4.50482 3.84186
4.51641 3.82108
4.52784 3.80008
4.53913 3.77888
4.55025 3.75746
4.56122 3.73584
4.57201 3.714
4.58262 3.69194
4.59305 3.66966
4.60327 3.64716
4.61329 3.62443
4.62307 3.60146
4.6326 3.57825
4.64186 3.55478
4.65083 3.53105
4.65947 3.50704
4.66774 3.48273
4.67561 3.45811
4.68302 3.43315
4.68991 3.40781
4.69621 3.38208
4.70184 3.3559
4.70667 3.32923
4.71059 3.30199
4.71342 3.27412
4.71495 3.2455
4.71492 3.21602
4.71296 3.1855
4.70863 3.15372
4.70129 3.12038
4.69006 3.08506
4.6737 3.04717
4.65038 3.00582
4.61725 2.95965
4.56968 2.90644
4.49959 2.84231
4.39147 2.75983
4.21136 2.64271
3.86775 2.44708
3 2
