2.77778 2.77778 2.77778
3.63636 3.63636 3.63636
3.63636 3.63636 3.63636
7 7 7
2.77778 2.77778 2.77778
3.92523 3.92523 3.92523
4.10697 4.07641 4.09169
7 7 7
2.77778 2.77778 2.77778
4.23077 4.23077 4.23077
4.36508 4.2381 4.30159
7 7 7
2.77778 2.77778 2.77778
4.55446 4.55446 4.55446
4.37436 4.08138 4.22787
7 7 7
2.77778 2.77778 2.77778
4.89796 4.89796 4.89796
4.11523 3.58848 3.85185
7 7 7
2.77778 2.77778 2.77778
5.26316 5.26316 5.26316
3.58974 2.76923 3.17949
7 7 7
2.77778 2.77778 2.77778
5.65217 5.65217 5.65217
2.82258 1.66129 2.24194
7 7 7
2.77778 2.77778 2.77778
6.06742 6.06742 6.06742
1.85728 0.324536 1.09091
7 7 7
2.77778 2.77778 2.77778
6.51163 6.51163 6.51163
0.749064 -1.16854 -0.209738
7 7 7
2.77778 2.77778 2.77778
6.98795 6.98795 6.98795
-0.443656 -2.74357 -1.59361
7 7 7
2.77778 2.77778 2.77778
7.5 7.5 7.5
-1.66667 -4.33333 -3
7 7 7
3.18594 3.18594 3.18594
4.0518 4.0518 4.0518
4.0518 4.0518 4.0518
7.30909 7.30909 7.30909
3.18594 3.18594 3.18594
4.32881 4.32881 4.32881
4.49615 4.46134 4.47875
7.30909 7.30909 7.30909
3.18594 3.18594 3.18594
4.61444 4.61444 4.61444
4.72573 4.58162 4.65367
7.30909 7.30909 7.30909
3.18594 3.18594 3.18594
4.9091 4.9091 4.9091
4.71842 4.38173 4.55007
7.30909 7.30909 7.30909
3.18594 3.18594 3.18594
5.21323 5.21323 5.21323
4.44574 3.82202 4.13388
7.30909 7.30909 7.30909
3.18594 3.18594 3.18594
5.52729 5.52729 5.52729
3.87094 2.85141 3.36117
7.30909 7.30909 7.30909
3.18594 3.18594 3.18594
5.85177 5.85177 5.85177
2.9462 1.40362 2.17491
7.30909 7.30909 7.30909
3.18594 3.18594 3.18594
6.18721 6.18721 6.18721
1.60872 -0.608315 0.500202
7.30909 7.30909 7.30909
3.18594 3.18594 3.18594
6.53416 6.53416 6.53416
-0.225133 -3.3001 -1.76262
7.30909 7.30909 7.30909
3.18594 3.18594 3.18594
6.89324 6.89324 6.89324
-2.6687 -6.82844 -4.74857
7.30909 7.30909 7.30909
3.18594 3.18594 3.18594
7.26508 7.26508 7.26508
-5.87891 -11.4102 -8.64453
7.30909 7.30909 7.30909
3.61751 3.61751 3.61751
4.46136 4.46136 4.46136
4.46136 4.46136 4.46136
7.63333 7.63333 7.63333
3.61751 3.61751 3.61751
4.71993 4.71993 4.71993
4.87306 4.83534 4.8542
7.63333 7.63333 7.63333
3.61751 3.61751 3.61751
4.98108 4.98108 4.98108
5.0806 4.92491 5.00275
7.63333 7.63333 7.63333
3.61751 3.61751 3.61751
5.24483 5.24483 5.24483
5.0729 4.70567 4.88929
7.63333 7.63333 7.63333
3.61751 3.61751 3.61751
5.51123 5.51123 5.51123
4.8163 4.11935 4.46783
7.63333 7.63333 7.63333
3.61751 3.61751 3.61751
5.78031 5.78031 5.78031
4.24231 3.05401 3.64816
7.63333 7.63333 7.63333
3.61751 3.61751 3.61751
6.05212 6.05212 6.05212
3.21977 1.30003 2.2599
7.63333 7.63333 7.63333
3.61751 3.61751 3.61751
6.3267 6.3267 6.3267
1.48759 -1.55606 -0.034234
7.63333 7.63333 7.63333
3.61751 3.61751 3.61751
6.6041 6.6041 6.6041
-1.53215 -6.42576 -3.97895
7.63333 7.63333 7.63333
3.61751 3.61751 3.61751
6.88434 6.88434 6.88434
-7.38713 -15.7462 -11.5667
7.63333 7.63333 7.63333
3.61751 3.61751 3.61751
7.16749 7.16749 7.16749
-22.0213 -38.8723 -30.4468
7.63333 7.63333 7.63333
4.0676 4.0676 4.0676
4.86603 4.86603 4.86603
4.86603 4.86603 4.86603
7.96923 7.96923 7.96923
4.0676 4.0676 4.0676
5.10208 5.10208 5.10208
5.24182 5.20236 5.22209
7.96923 7.96923 7.96923
4.0676 4.0676 4.0676
5.33654 5.33654 5.33654
5.4331 5.27073 5.35192
7.96923 7.96923 7.96923
4.0676 4.0676 4.0676
5.56944 5.56944 5.56944
5.43753 5.05194 5.24474
7.96923 7.96923 7.96923
4.0676 4.0676 4.0676
5.80078 5.80078 5.80078
5.22169 4.47619 4.84894
7.96923 7.96923 7.96923
4.0676 4.0676 4.0676
6.0306 6.0306 6.0306
4.70026 3.3843 4.04228
7.96923 7.96923 7.96923
4.0676 4.0676 4.0676
6.2589 6.2589 6.2589
3.6741 1.41665 2.54537
7.96923 7.96923 7.96923
4.0676 4.0676 4.0676
6.48569 6.48569 6.48569
1.62153 -2.35866 -0.368567
7.96923 7.96923 7.96923
4.0676 4.0676 4.0676
6.71099 6.71099 6.71099
-3.28763 -11.1997 -7.24366
7.96923 7.96923 7.96923
4.0676 4.0676 4.0676
6.93482 6.93482 6.93482
-24.7106 -49.3979 -37.0543
7.96923 7.96923 7.96923
4.0676 4.0676 4.0676
7.15719 7.15719 7.15719
67.9167 115.25 91.5833
7.96923 7.96923 7.96923
4.53052 4.53052 4.53052
5.26674 5.26674 5.26674
5.26674 5.26674 5.26674
8.31429 8.31429 8.31429
4.53052 4.53052 4.53052
5.47825 5.47825 5.47825
5.60593 5.5658 5.58586
8.31429 8.31429 8.31429
4.53052 4.53052 4.53052
5.68566 5.68566 5.68566
5.7862 5.62155 5.70388
8.31429 8.31429 8.31429
4.53052 4.53052 4.53052
5.8891 5.8891 5.8891
5.81209 5.41943 5.61576
8.31429 8.31429 8.31429
4.53052 4.53052 4.53052
6.08867 6.08867 6.08867
5.65582 4.8867 5.27126
8.31429 8.31429 8.31429
4.53052 4.53052 4.53052
6.28448 6.28448 6.28448
5.23342 3.83994 4.53668
8.31429 8.31429 8.31429
4.53052 4.53052 4.53052
6.47664 6.47664 6.47664
4.31961 1.80798 3.0638
8.31429 8.31429 8.31429
4.53052 4.53052 4.53052
6.66525 6.66525 6.66525
2.17697 -2.73229 -0.277663
8.31429 8.31429 8.31429
4.53052 4.53052 4.53052
6.85041 6.85041 6.85041
-5.46 -18.564 -12.012
8.31429 8.31429 8.31429
4.53052 4.53052 4.53052
7.03221 7.03221 7.03221
86.9174 171.464 129.191
8.31429 8.31429 8.31429
4.53052 4.53052 4.53052
7.21074 7.21074 7.21074
19.6269 32.8806 26.2537
8.31429 8.31429 8.31429
5 5 5
5.66434 5.66434 5.66434
5.66434 5.66434 5.66434
8.66667 8.66667 8.66667
5 5 5
5.85114 5.85114 5.85114
5.96849 5.92868 5.94859
8.66667 8.66667 8.66667
5 5 5
6.03261 6.03261 6.03261
6.14253 5.97964 6.06109
8.66667 8.66667 8.66667
5 5 5
6.20898 6.20898 6.20898
6.19641 5.80719 6.0018
8.66667 8.66667 8.66667
5 5 5
6.38045 6.38045 6.38045
6.11204 5.34378 5.72791
8.66667 8.66667 8.66667
5 5 5
6.54723 6.54723 6.54723
5.8231 4.40786 5.11548
8.66667 8.66667 8.66667
5 5 5
6.70951 6.70951 6.70951
5.13238 2.49287 3.81263
8.66667 8.66667 8.66667
5 5 5
6.86747 6.86747 6.86747
3.28041 -2.3207 0.479857
8.66667 8.66667 8.66667
5 5 5
7.02128 7.02128 7.02128
-7.03016 -28.413 -17.7216
8.66667 8.66667 8.66667
5 5 5
7.17109 7.17109 7.17109
21.843 44.1771 33.0101
8.66667 8.66667 8.66667
5 5 5
7.31707 7.31707 7.31707
13.125 22.125 17.625
8.66667 8.66667 8.66667
5.46948 5.46948 5.46948
6.0596 6.0596 6.0596
6.0596 6.0596 6.0596
9.025 9.025 9.025
5.46948 5.46948 5.46948
6.22316 6.22316 6.22316
6.33229 6.29374 6.31302
9.025 9.025 9.025
5.46948 5.46948 5.46948
6.38107 6.38107 6.38107
6.50452 6.34716 6.42584
9.025 9.025 9.025
5.46948 5.46948 5.46948
6.53363 6.53363 6.53363
6.59035 6.21442 6.40238
9.025 9.025 9.025
5.46948 5.46948 5.46948
6.68109 6.68109 6.68109
6.58341 5.83946 6.21144
9.025 9.025 9.025
5.46948 5.46948 5.46948
6.82371 6.82371 6.82371
6.44522 5.06527 5.75524
9.025 9.025 9.025
5.46948 5.46948 5.46948
6.96172 6.96172 6.96172
6.05005 3.43572 4.74289
9.025 9.025 9.025
5.46948 5.46948 5.46948
7.09535 7.09535 7.09535
4.86834 -0.918213 1.97506
9.025 9.025 9.025
5.46948 5.46948 5.46948
7.2248 7.2248 7.2248
-4.29664 -33.263 -18.7798
9.025 9.025 9.025
5.46948 5.46948 5.46948
7.35026 7.35026 7.35026
13.7546 29.9382 21.8464
9.025 9.025 9.025
5.46948 5.46948 5.46948
7.47191 7.47191 7.47191
10.3846 17.9744 14.1795
9.025 9.025 9.025
5.9324 5.9324 5.9324
6.45328 6.45328 6.45328
6.45328 6.45328 6.45328
9.38824 9.38824 9.38824
5.9324 5.9324 5.9324
6.59657 6.59657 6.59657
6.69993 6.66353 6.68173
9.38824 9.38824 9.38824
5.9324 5.9324 5.9324
6.73448 6.73448 6.73448
6.87446 6.7262 6.80033
9.38824 9.38824 9.38824
5.9324 5.9324 5.9324
6.8673 6.8673 6.8673
6.9938 6.64042 6.81711
9.38824 9.38824 9.38824
5.9324 5.9324 5.9324
6.9953 6.9953 6.9953
7.06308 6.36528 6.71418
9.38824 9.38824 9.38824
5.9324 5.9324 5.9324
7.11875 7.11875 7.11875
7.07359 5.78256 6.42807
9.38824 9.38824 9.38824
5.9324 5.9324 5.9324
7.23788 7.23788 7.23788
6.98498 4.54818 5.76658
9.38824 9.38824 9.38824
5.9324 5.9324 5.9324
7.35292 7.35292 7.35292
6.61841 1.26709 3.94275
9.38824 9.38824 9.38824
5.9324 5.9324 5.9324
7.46407 7.46407 7.46407
3.66173 -21.7978 -9.06805
9.38824 9.38824 9.38824
5.9324 5.9324 5.9324
7.57153 7.57153 7.57153
9.89327 25.6062 17.7497
9.38824 9.38824 9.38824
5.9324 5.9324 5.9324
7.67548 7.67548 7.67548
8.66525 15.8856 12.2754
9.38824 9.38824 9.38824
6.38249 6.38249 6.38249
6.84607 6.84607 6.84607
6.84607 6.84607 6.84607
9.75556 9.75556 9.75556
6.38249 6.38249 6.38249
6.9735 6.9735 6.9735
7.07389 7.04049 7.05719
9.75556 9.75556 9.75556
6.38249 6.38249 6.38249
7.09611 7.09611 7.09611
7.25458 7.1189 7.18674
9.75556 9.75556 9.75556
6.38249 6.38249 6.38249
7.21415 7.21415 7.21415
7.40671 7.08461 7.24566
9.75556 9.75556 9.75556
6.38249 6.38249 6.38249
7.32788 7.32788 7.32788
7.5445 6.9127 7.2286
9.75556 9.75556 9.75556
6.38249 6.38249 6.38249
7.43753 7.43753 7.43753
7.68333 6.52754 7.10544
9.75556 9.75556 9.75556
6.38249 6.38249 6.38249
7.54332 7.54332 7.54332
7.85051 5.7151 6.7828
9.75556 9.75556 9.75556
6.38249 6.38249 6.38249
7.64545 7.64545 7.64545
8.13201 3.68117 5.90659
9.75556 9.75556 9.75556
6.38249 6.38249 6.38249
7.7441 7.7441 7.7441
9.24219 -6.43613 1.40303
9.75556 9.75556 9.75556
6.38249 6.38249 6.38249
7.83944 7.83944 7.83944
5.87592 26.5251 16.2005
9.75556 9.75556 9.75556
6.38249 6.38249 6.38249
7.93165 7.93165 7.93165
7.13592 14.8252 10.9806
9.75556 9.75556 9.75556
6.81406 6.81406 6.81406
7.23863 7.23863 7.23863
7.23863 7.23863 7.23863
10.1263 10.1263 10.1263
6.81406 6.81406 6.81406
7.35601 7.35601 7.35601
7.4566 7.42706 7.44183
10.1263 10.1263 10.1263
6.81406 6.81406 6.81406
7.46921 7.46921 7.46921
7.64713 7.5274 7.58727
10.1263 10.1263 10.1263
6.81406 6.81406 6.81406
7.57846 7.57846 7.57846
7.82903 7.54647 7.68775
10.1263 10.1263 10.1263
6.81406 6.81406 6.81406
7.68396 7.68396 7.68396
8.02171 7.47345 7.74758
10.1263 10.1263 10.1263
6.81406 6.81406 6.81406
7.7859 7.7859 7.7859
8.25384 7.26974 7.76179
10.1263 10.1263 10.1263
6.81406 6.81406 6.81406
7.88445 7.88445 7.88445
8.585 6.82999 7.7075
10.1263 10.1263 10.1263
6.81406 6.81406 6.81406
7.97978 7.97978 7.97978
9.19144 5.81442 7.50293
10.1263 10.1263 10.1263
6.81406 6.81406 6.81406
8.07205 8.07205 8.07205
11.017 2.3627 6.68987
10.1263 10.1263 10.1263
6.81406 6.81406 6.81406
8.16141 8.16141 8.16141
-24.5651 72.8723 24.1536
10.1263 10.1263 10.1263
6.81406 6.81406 6.81406
8.24798 8.24798 8.24798
4.89583 14.7292 9.8125
10.1263 10.1263 10.1263
7.22222 7.22222 7.22222
7.63158 7.63158 7.63158
7.63158 7.63158 7.63158
10.5 10.5 10.5
7.22222 7.22222 7.22222
7.74611 7.74611 7.74611
7.85049 7.82566 7.83808
10.5 10.5 10.5
7.22222 7.22222 7.22222
7.85714 7.85714 7.85714
8.05439 7.95397 8.00418
10.5 10.5 10.5
7.22222 7.22222 7.22222
7.96482 7.96482 7.96482
8.26075 8.02559 8.14317
10.5 10.5 10.5
7.22222 7.22222 7.22222
8.06931 8.06931 8.06931
8.48946 8.03981 8.26464
10.5 10.5 10.5
7.22222 7.22222 7.22222
8.17073 8.17073 8.17073
8.77049 7.98361 8.37705
10.5 10.5 10.5
7.22222 7.22222 7.22222
8.26923 8.26923 8.26923
9.16149 7.81988 8.49068
10.5 10.5 10.5
7.22222 7.22222 7.22222
8.36493 8.36493 8.36493
9.80441 7.44534 8.62487
10.5 10.5 10.5
7.22222 7.22222 7.22222
8.45794 8.45794 8.45794
11.1963 6.48466 8.84049
10.5 10.5 10.5
7.22222 7.22222 7.22222
8.54839 8.54839 8.54839
17.2925 1.9249 9.6087
10.5 10.5 10.5
7.22222 7.22222 7.22222
8.63636 8.63636 8.63636
-5 19 7
10.5 10.5 10.5
